90 382
90 383
90 384
90 385
90 386
91 376
91 377
91 378
91 379
91 380
91 381
91 382
92 373
92 374
92 375
93 371
94 340
94 341
94 342
94 343
94 344
94 345
94 346
94 347
94 348
94 349
94 362
94 363
94 364
94 365
94 366
94 367
94 368
95 339
95 349
95 350
95 351
95 352
95 357
95 358
95 359
95 360
95 361
95 370
95 371
96 355
96 356
96 357
97 299
97 300
97 301
97 304
97 305
97 306
97 307
97 308
97 309
97 310
97 311
97 312
97 313
97 314
97 339
97 353
98 298
98 299
98 300
98 301
98 302
98 316
98 317
98 332
98 337
98 338
99 281
99 282
99 283
99 284
99 285
99 286
99 287
99 288
99 289
99 290
99 291
99 292
99 293
99 294
99 314
99 315
99 333
99 334
99 335
99 336
100 280
100 296
100 297
100 298
100 299
100 300
100 318
100 319
100 320
100 321
100 322
100 325
100 326
100 328
100 329
100 330
101 280
101 294
101 295
101 323
102 329
103 281
103 322
103 323
104 280
104 281
105 280
105 282
106 282
107 282
108 282
109 282
110 280
110 282
111 280
112 279
112 280
113 279
113 280
114 279
114 297
114 298
114 301
115 279
115 281
115 282
115 283
115 296
115 297
115 298
115 299
115 300
115 301
115 302
115 305
115 306
115 307
115 308
116 283
116 295
116 302
116 303
117 283
117 284
117 285
117 286
117 287
117 288
117 289
117 290
117 291
117 292
117 293
117 294
117 299
117 306
117 307
118 307
118 308
119 308
120 309
121 309
122 309
123 308
124 309
125 309
126 309
127 309
128 310
129 310
129 311
130 311
130 312
131 312
133 311
134 312
135 310
136 309
136 310
137 309
138 308
138 309
139 305
139 306
139 307
139 308
140 304
141 300
141 301
141 302
141 303
142 298
142 299
142 300
143 296
143 297
143 298
144 296
145 295
145 296
146 293
146 294
146 295
147 292
147 293
148 290
148 291
148 292
149 287
149 288
149 289
150 285
150 286
150 287
151 284
151 285
152 283
152 284
153 281
153 282
153 283
154 280
154 281
155 279
155 280
156 277
156 278
156 279
157 276
157 277
158 275
158 276
159 274
159 275
160 273
160 274
161 272
161 273
162 269
162 271
162 272
163 268
163 271
164 270
165 269
166 269
167 269
168 269
169 269
170 269
171 269
172 267
172 269
173 267
173 269
174 267
174 269
175 267
175 280
175 281
175 282
175 283
175 284
175 285
176 267
176 277
176 278
176 279
176 286
176 287
176 288
176 289
176 290
177 267
177 270
177 290
177 291
177 292
178 267
178 268
178 273
178 274
178 275
178 276
178 277
178 278
179 268
179 269
179 270
179 271
179 272
179 273
179 292
181 291
181 292
181 293
181 294
182 289
182 290
182 291
184 290
184 291
184 292
185 288
185 290
186 265
186 266
186 267
186 268
186 269
186 270
186 271
186 272
186 273
186 282
186 283
186 284
186 285
186 286
186 287
187 261
187 262
187 263
187 264
187 275
187 276
187 277
187 278
187 279
187 280
188 260
188 261
188 282
189 259
189 260
190 258
190 259
191 257
191 258
192 256
192 257
193 254
193 255
193 256
194 253
194 254
195 251
195 252
195 253
196 250
196 251
197 249
197 250
198 247
198 248
198 249
199 245
199 246
199 247
200 244
200 245
201 243
201 244
202 241
202 242
202 243
203 239
203 240
203 241
204 238
204 239
205 235
205 236
205 237
206 233
206 234
206 235
207 232
207 233
208 231
208 232
209 229
209 230
209 231
210 227
210 228
210 229
211 224
211 225
211 226
211 227
212 222
212 223
212 224
213 220
213 221
213 222
214 219
214 220
215 217
215 218
215 219
216 215
216 216
216 217
217 213
217 214
217 215
218 211
218 212
218 213
219 209
219 210
219 211
220 207
220 208
221 205
221 206
221 207
222 203
222 204
222 205
223 202
223 203
224 199
224 200
224 201
224 202
225 198
225 199
226 196
226 197
226 198
227 193
227 194
227 195
227 196
228 191
228 192
228 193
229 189
229 190
229 191
230 187
230 188
230 189
231 185
231 186
231 187
232 183
232 184
232 185
233 181
233 182
233 183
234 179
234 180
234 181
235 178
235 179
236 176
236 177
236 178
237 174
237 175
237 176
238 172
238 173
238 174
239 170
239 171
239 172
240 169
240 170
241 167
241 168
241 169
242 165
242 166
242 167
243 163
243 164
243 165
244 161
244 162
244 163
245 160
245 161
246 158
246 159
246 160
247 156
247 157
247 158
248 154
248 155
248 156
249 152
249 153
249 154
250 150
250 151
250 152
251 149
251 150
252 147
252 148
252 149
253 145
253 146
253 147
254 144
254 145
255 142
255 143
255 144
256 140
256 141
256 142
257 138
257 139
257 140
258 137
258 138
259 135
259 136
259 137
260 133
260 134
260 135
261 131
261 132
261 133
262 129
262 130
262 131
263 128
263 129
264 126
264 127
264 128
265 125
265 126
266 123
266 124
266 125
267 122
267 123
268 121
268 122
269 116
269 119
269 120
269 121
270 118
270 119
271 116
271 117
271 118
272 115
272 116
273 113
273 114
273 115
274 111
274 112
274 113
275 110
275 111
276 108
276 109
277 106
277 107
277 108
278 105
278 106
279 103
279 104
279 105
280 102
280 103
281 100
281 101
281 102
282 99
282 100
283 98
283 99
284 96
284 97
284 98
285 95
285 96
286 93
286 94
286 95
287 92
287 93
288 90
288 91
288 92
289 89
289 90
290 87
290 88
290 89
291 86
291 87
292 84
292 85
292 86
293 83
293 84
294 81
294 82
294 83
295 79
295 80
295 81
296 78
296 79
297 75
297 77
297 78
298 75
298 77
